10,31
10,99
10,195
10,261
10,273
10,231
10,253
10,97
11,25
8,10
8,6
8,14
30,3
30,2
30,1
30,0
20,3
20,2
20,1
19,3
19,2
19,1
12,3
12,2
12,1
11,27
11,24
11,23
11,22
11,21
11,19
11,17
11,16
11,15
11,14
11,13
11,12
11,11
11,9
11,8
11,5
11,3
11,2
11,1
10,302
10,288
10,285
10,279
10,276
10,245
10,233
10,209
10,203
10,202
10,187
10,186
10,182
10,173
10,169
10,137
10,127
10,125
18,1
10,123
18,3
10,121
10,114
10,103
10,95
10,83
10,74
14,1
10,67
14,3
10,25
13,1
10,3
13,3
10,2
10,1
9,7
9,6
9,5
9,4
9,3
9,2
9,1
8,18
8,17
8,16
8,15
8,13
8,12
8,11
8,9
8,7
8,5
